     0/149     12.7G   0.06964   0.01564         0   0.08529        52       640    0.1077    0.2793   0.07833   0.01784   0.05987    0.0111         0
     1/149     12.7G   0.05816   0.01201         0   0.07017        27       640    0.3165    0.4324    0.2493   0.06636   0.04799  0.009196         0
     2/149     11.6G    0.0557   0.01013         0   0.06583        47       640    0.4061      0.61    0.4147    0.1194   0.04828  0.008191         0
     3/149     11.6G   0.05517   0.00946         0   0.06463        52       640    0.4895    0.5225    0.4883    0.1858   0.04616   0.00691         0
     4/149     11.7G   0.05592   0.00825         0   0.06417        49       640    0.7176    0.7117    0.7005    0.2962   0.04229  0.006805         0
     5/149     11.7G   0.05292  0.007809         0   0.06073        30       640    0.6701    0.6667    0.6277     0.307   0.04157  0.006594         0
     6/149     11.7G   0.05744  0.008482         0   0.06593        41       640    0.2594    0.1712     0.132   0.04043   0.05526  0.007013         0
     7/149     11.7G   0.05812  0.008403         0   0.06652        36       640    0.4598    0.4775    0.3969    0.1301   0.05324  0.007665         0
     8/149     11.7G   0.05857  0.008382         0   0.06695        51       640     0.331   0.04505     0.042  0.006774   0.06971  0.006757         0
     9/149     11.7G   0.05851  0.008495         0   0.06701        33       640   0.01505    0.1892  0.005083  0.001262   0.07067   0.00688         0
    10/149     11.7G   0.05938   0.00837         0   0.06775        36       640    0.4451    0.4414    0.4012    0.1705   0.06306   0.00626         0
    11/149     11.7G    0.0581  0.008137         0   0.06624        35       640    0.4244    0.4144    0.3568    0.1642   0.05439   0.00701         0
    12/149     11.7G   0.05752  0.007969         0   0.06549        35       640    0.5536    0.3063    0.3742    0.1704   0.05161  0.007543         0
    13/149     11.7G   0.05721  0.008032         0   0.06524        39       640   0.07133   0.06306  0.009098  0.001214   0.07488  0.005575         0
    14/149     11.7G   0.06583  0.007814         0   0.07364        48       640   0.05965    0.2252     0.031  0.008852   0.06464  0.006636         0
    15/149     11.7G   0.06394  0.007889         0   0.07183        44       640  0.004815   0.09009  0.001167 0.0001542   0.06235  0.006926         0
    16/149     11.7G   0.06733  0.007724         0   0.07505        47       640 0.0007207    0.2162 0.0001629  1.88e-05   0.08661  0.005989         0
    17/149     11.7G   0.06334  0.007335         0   0.07067        32       640 9.185e-05   0.02703 4.623e-06 5.432e-07   0.09333     21.87         0
    18/149     11.7G   0.06247  0.007457         0   0.06993        30       640         0         0         0         0   0.08638     2.163         0
    19/149     11.7G   0.06326  0.007766         0   0.07102        45       640  0.001263    0.3784 0.0004855  7.84e-05   0.06726    0.0407         0
    20/149     11.7G    0.0646  0.007553         0   0.07215        39       640  0.009909    0.1982  0.006367   0.00118   0.07586  0.006202         0
    21/149     11.7G   0.06519  0.007658         0   0.07285        53       640   0.05587    0.2252   0.03056  0.006001   0.07284  0.005721         0
    22/149     11.7G   0.06409  0.007137         0   0.07123        38       640      0.16    0.1802   0.04224   0.01219   0.07502  0.006083         0
    23/149     11.7G   0.06434  0.007769         0   0.07211        42       640  0.001422    0.1081 0.0001765  2.13e-05   0.07995  0.006323         0
    24/149     11.7G   0.06251  0.007876         0   0.07039        34       640  0.001791    0.1171 0.0007526 0.0001213    0.0904   0.01678         0
    25/149     11.7G   0.06249  0.007633         0   0.07012        47       640  0.001987    0.5946  0.001198 0.0001497   0.08877   0.01935         0
    26/149     11.7G    0.0635  0.007456         0   0.07096        39       640  0.002006    0.3604  0.001013 0.0001213   0.08729   0.01497         0
    27/149     11.7G   0.06228  0.007466         0   0.06975        40       640    0.6219    0.1712    0.1756   0.07829   0.07624  0.005688         0
    28/149     11.7G   0.06077  0.007595         0   0.06837        46       640    0.5726    0.2703    0.2363   0.05969   0.07302  0.005819         0
    29/149     11.7G   0.05892  0.007305         0   0.06623        46       640    0.7483    0.3874    0.4632    0.1656   0.06728  0.005852         0
    30/149     11.7G   0.05504  0.007366         0    0.0624        38       640    0.2699    0.2883    0.1604   0.06466   0.07016  0.005683         0
    31/149     11.7G   0.05934  0.007515         0   0.06686        34       640    0.7056    0.4595    0.4975    0.2382   0.06785  0.005325         0
    32/149     11.7G   0.05996  0.007543         0   0.06751        39       640    0.3877    0.4221    0.3128    0.1336   0.06831  0.005807         0
    33/149     11.7G   0.05343  0.007602         0   0.06103        33       640    0.1033    0.1892   0.04275   0.01151   0.07316  0.005575         0
    34/149     11.7G   0.05757  0.008009         0   0.06558        31       640    0.7343    0.3243    0.3839    0.1764   0.06812  0.005682         0
    35/149     11.7G   0.05387  0.007358         0   0.06123        32       640     0.503    0.5225    0.4667    0.2058    0.0668  0.005281         0
    36/149     11.7G   0.05299  0.007493         0   0.06048        34       640    0.8717    0.3061     0.318    0.1169   0.07185  0.005639         0
    37/149     11.7G    0.0561  0.007911         0   0.06401        34       640    0.5432    0.2703    0.2752     0.143   0.07068  0.005658         0
    38/149     11.7G   0.05034  0.007606         0   0.05794        37       640     0.732    0.3691     0.425    0.1901   0.06877  0.005327         0
    39/149     11.7G   0.04872  0.007893         0   0.05661        51       640    0.5368    0.3694    0.3514    0.1723   0.06783  0.005614         0
    40/149     11.7G   0.05293  0.007997         0   0.06093        27       640    0.5162    0.3874    0.3954    0.1635   0.06623  0.005541         0
    41/149     11.7G   0.05517  0.007344         0   0.06251        46       640    0.4203    0.5946    0.5113    0.2134   0.06671  0.005322         0
    42/149     11.7G   0.05034  0.007663         0     0.058        33       640    0.5974    0.4955     0.536    0.2358   0.06591  0.005147         0
    43/149     11.7G   0.04795  0.007515         0   0.05547        47       640    0.8169    0.5224    0.6713     0.331    0.0668  0.004808         0
    44/149     11.7G   0.04744  0.007445         0   0.05488        39       640    0.6477    0.6459    0.6107    0.2699    0.0655  0.005037         0
    45/149     11.7G    0.0476  0.007557         0   0.05516        50       640    0.9344    0.5133    0.6838     0.335   0.06393   0.00503         0
    46/149     11.7G   0.04587  0.007834         0    0.0537        37       640    0.8375    0.6036    0.7336    0.3338   0.06147  0.005015         0
    47/149     11.7G   0.05151  0.007759         0   0.05927        52       640    0.8332    0.7658     0.852      0.37   0.05408  0.005733         0
    48/149     11.7G   0.04571  0.007431         0   0.05314        31       640     0.782    0.6486     0.751    0.3517   0.05146  0.005942         0
    49/149     11.7G   0.04879   0.00771         0    0.0565        35       640    0.8815     0.603    0.7834    0.3849   0.05174   0.00572         0
    50/149     11.7G   0.05103  0.007489         0   0.05852        42       640    0.8292    0.7477    0.8182    0.4261   0.05428  0.005291         0
    51/149     11.7G   0.05145  0.007487         0   0.05893        45       640    0.8809    0.6665    0.8009    0.3799   0.05786  0.005125         0
    52/149     11.7G   0.04981  0.007521         0   0.05733        38       640    0.7655    0.7387    0.8042    0.3474   0.05931  0.005058         0
    53/149     11.7G   0.05481  0.007738         0   0.06255        41       640    0.8274    0.8636    0.9024     0.467   0.05935  0.004683         0
    54/149     11.7G   0.04419  0.007041         0   0.05123        38       640    0.8699    0.8468    0.9043    0.4407   0.06017  0.004442         0
    55/149     11.7G   0.05022  0.007571         0   0.05779        56       640     0.878    0.7207    0.8608    0.4116   0.05959  0.004462         0
    56/149     11.7G    0.0502  0.007252         0   0.05745        40       640    0.8483    0.8108    0.8875    0.4649   0.05832  0.004615         0
    57/149     11.7G   0.04937  0.007008         0   0.05638        43       640    0.9452    0.7838    0.9149    0.4789   0.05861  0.004427         0
    58/149     11.7G   0.04465  0.007377         0   0.05203        29       640     0.908    0.7117    0.8371    0.4125   0.05826  0.004698         0
    59/149     11.7G   0.04902  0.007285         0   0.05631        36       640    0.9088    0.7207    0.8774    0.4259   0.05763  0.004543         0
    60/149     11.7G   0.04544  0.007199         0   0.05264        42       640    0.8459    0.8468    0.8861    0.4825   0.05569  0.004616         0
    61/149     11.7G   0.04851  0.007098         0   0.05561        44       640    0.8285    0.7833    0.8618    0.4752   0.05429   0.00501         0
    62/149     11.7G   0.04667  0.007328         0     0.054        33       640    0.9074    0.8825    0.9131    0.4665   0.05368  0.004672         0
    63/149     11.7G   0.04714  0.007151         0   0.05429        38       640    0.9192    0.8198     0.887    0.4499   0.05514  0.004957         0
    64/149     11.7G    0.0489   0.00757         0   0.05647        32       640    0.9662    0.7748    0.8546    0.4554   0.05411  0.005019         0
    65/149     11.7G   0.04154  0.007274         0   0.04882        52       640    0.9674    0.8018     0.912    0.5105   0.05638  0.004359         0
    66/149     11.7G   0.04502  0.007026         0   0.05204        26       640    0.9302    0.7203    0.8633     0.487   0.05687  0.004389         0
    67/149     11.7G    0.0444  0.007305         0   0.05171        40       640    0.9314    0.8649    0.9278    0.5071   0.05734   0.00433         0
    68/149     11.7G   0.04727   0.00716         0   0.05443        41       640    0.9187    0.8198    0.9017    0.4714   0.05748  0.004377         0
    69/149     11.7G   0.03913  0.007341         0   0.04647        47       640     0.905    0.8739    0.9131    0.4864    0.0565  0.004419         0
    70/149     11.7G   0.04774  0.007175         0   0.05491        37       640    0.9417    0.8727    0.9293    0.5475   0.05493  0.004277         0
    71/149     11.7G   0.04508  0.006974         0   0.05205        53       640    0.9007    0.9009    0.9311    0.5395   0.05569  0.004192         0
    72/149     11.7G   0.04063  0.007053         0   0.04769        35       640    0.9079    0.8919    0.9348     0.558   0.05353  0.004309         0
    73/149     11.7G   0.04401  0.007151         0   0.05116        35       640    0.9804    0.9009    0.9615    0.5531   0.05493  0.004119         0
    74/149     11.7G   0.04971  0.007101         0   0.05681        43       640    0.9889    0.8649    0.9387    0.5997   0.05444  0.003971         0
    75/149     11.7G   0.04535  0.007098         0   0.05245        37       640      0.97    0.8736    0.9397     0.577   0.05439  0.003957         0
    76/149     11.7G   0.03951   0.00672         0   0.04623        58       640    0.9196    0.9279    0.9242    0.5629    0.0544  0.004105         0
    77/149     11.7G   0.04604  0.006935         0   0.05298        43       640    0.9555    0.7746    0.9122    0.5389   0.05323  0.004358         0
    78/149     11.7G   0.04555  0.006663         0   0.05222        42       640    0.9444    0.9189     0.967    0.5926   0.05274  0.004068         0
    79/149     11.7G   0.03592  0.006697         0   0.04262        44       640    0.9009    0.9007    0.9503    0.5859   0.05133   0.00417         0
    80/149     11.7G   0.04088  0.006815         0    0.0477        48       640    0.8983    0.9546    0.9603    0.5676   0.05428  0.004088         0
    81/149     11.7G   0.04077  0.006761         0   0.04753        44       640    0.9603    0.8739    0.9562    0.5697   0.05469  0.004044         0
    82/149     11.7G    0.0411  0.006917         0   0.04802        32       640    0.9715    0.9459     0.978    0.5687   0.05358   0.00406         0
    83/149     11.7G   0.04728  0.006982         0   0.05427        36       640    0.9454    0.9362    0.9609    0.5684   0.05484  0.003835         0
    84/149     11.7G   0.04556  0.006862         0   0.05242        33       640    0.9626    0.9369    0.9669    0.5795   0.05388  0.003838         0
    85/149     11.7G   0.03648   0.00673         0   0.04321        32       640    0.9534    0.9279     0.972    0.5969   0.05435  0.003805         0
    86/149     11.7G   0.03951  0.006817         0   0.04633        53       640    0.9811    0.9353    0.9871    0.5741   0.05545  0.003731         0
    87/149     11.7G   0.04032  0.006382         0    0.0467        24       640    0.9454    0.9369     0.985    0.6122   0.05488  0.003607         0
    88/149     11.7G   0.04125  0.006527         0   0.04778        34       640    0.9717    0.9278     0.975    0.5753   0.05468  0.003644         0
    89/149     11.7G   0.03853  0.006608         0   0.04514        50       640    0.9145    0.9638    0.9756    0.5741   0.05341  0.003862         0
    90/149     11.7G   0.04105  0.006773         0   0.04782        33       640    0.9211    0.9459     0.966    0.5953   0.05061  0.004081         0
    91/149     11.7G   0.03912  0.006768         0   0.04589        48       640    0.9812    0.9459    0.9894    0.5891    0.0503   0.00404         0
    92/149     11.7G   0.04145  0.006553         0     0.048        53       640     0.938     0.955     0.969    0.5726   0.05212  0.003984         0
    93/149     11.7G   0.04855  0.006345         0   0.05489        35       640    0.9633    0.9455    0.9851    0.6122   0.05228  0.003778         0
    94/149     11.7G   0.04001  0.006874         0   0.04688        32       640     0.915     0.973    0.9803    0.6263   0.05115  0.003915         0
    95/149     11.7G   0.04172  0.006507         0   0.04823        27       640    0.9545    0.9455    0.9784    0.6219   0.05209  0.003793         0
    96/149     11.7G   0.03977  0.006416         0   0.04619        39       640    0.9809    0.9276    0.9836    0.6125   0.05156  0.003737         0
    97/149     11.7G   0.03923  0.006557         0   0.04579        36       640     0.963    0.9368    0.9645    0.6125   0.05223  0.003888         0
    98/149     11.7G   0.03966  0.006578         0   0.04624        26       640    0.9619    0.9096    0.9688     0.597   0.05186  0.003985         0
    99/149     11.7G   0.03956  0.006858         0   0.04642        36       640    0.9714    0.9184    0.9819    0.6051   0.05052  0.003953         0
   100/149     11.7G   0.03715  0.006468         0   0.04362        38       640    0.9816    0.9637    0.9755    0.6179   0.05136  0.003804         0
   101/149     11.7G   0.04231  0.006311         0   0.04862        54       640    0.9725     0.973    0.9861    0.6319   0.05053  0.003846         0
   102/149     11.7G   0.04088  0.006236         0   0.04712        42       640    0.9904    0.9369    0.9879    0.6324   0.05307  0.003472         0
   103/149     11.7G   0.04411  0.006506         0   0.05061        39       640    0.9903    0.9279    0.9876    0.6168   0.05426  0.003547         0
